 N =    41.8044916020234838206170678818276749      
 Ns =    29.2631436230680642835498867437032573      
 Ne =    12.5413479789554195370671811381244176      
