 raiz1 =  0.46410161513775433     
 raiz2 =  -6.4641016151377544     
