 N =   -9.22317991776396602418564272279195909E+0075
 Ns =   -6.45622583248590367736240754152820296E+0075
 Ne =   -2.76695408527806234682323518126375613E+0075
