 a =   1.6382785714285741     
 b =   2.8535714285681024E-002
