 Iab =  0.99997936274523669     
 E =   2.0637254763311574E-005
