 Iab =  0.99999498970446710     
 E =   5.0102955329034415E-006
