 Iab =  0.99999971888536821     
 E =   2.8111463179492091E-007
