 Iab =  0.99950648525333008     
 E =   4.9351474666992079E-004
